11659
101180
11055
95939
11196
97169
11167
96919
11345
98462
11556
100293
11843
102779
11201
97211
11236
97513
11516
99939
11301
98075
11631
100939
11268
97789
11125
96546
11200
97204
11173
96963
11656
101159
11092
96261
11418
99089
11615
100798
11616
100808
11327
98299
11886
103153
11344
98454
11430
99198
11467
99518
11484
99669
11343
98438
11641
101026
11653
101131
11590
100588
11441
99293
11411
99034
11313
98181
11455
99412
11092
96261
11652
101119
11054
95930
11888
103175
11056
95955
11475
99589
11113
96447
11518
99962
10844
94109
11567
100384
11497
99777
11759
102050
11610
100761
11582
100513
11542
100169
11561
100334
11540
100150
11549
100228
11406
98986
11482
99648
11496
99772
11098
96319
11401
98945
11588
100572
11490
99721
11447
99340
11299
98057
11433
99224
11499
99792
11518
99965
11489
99706
11275
97848
11545
100193
11414
99057
11278
97878
11584
100535
11373
98706
11642
101037
11338
98395
11595
100632
11143
96710
11821
102587
10975
95245
11676
101331
11351
98511
11577
100472
11081
96165
11416
99078
11187
97085
11340
98415
11292
98002
11434
99232
11420
99106
11283
97921
11229
97449
11370
98672
11146
96729
11473
99569
11191
97120
11360
98586
11179
97019
11634
100972
10894
94547
11381
98773
11301
98079
11214
97319
11055
95945
11388
98833
11319
98230
11337
98388
11297
98044
11312
98173
11314
98188
11562
100339
11158
96840
11697
101514
11232
97476
11342
98430
11521
99983
11356
98554
11292
97997
11256
97687
11211
97298
11333
98354
12399
107604
11262
97740
12441
107971
11105
96378
11727
101770
11074
96111
11207
97266
10956
95084
11442
99297
10932
94874
10787
93616
11465
99497
10983
95317
11429
99186
10248
88937
11414
99056
11703
101564
11158
96839
10813
93840
11064
96024
11085
96206
10983
95318
11304
98102
10943
94967
10790
93643
11393
98880
11062
96004
11090
96244
11250
97636
10970
95200
11191
97125
11136
96644
11549
100227
11255
97675
10603
92021
11290
97984
10969
95199
11296
98032
11124
96545
11542
100169
10301
89395
11477
99603
10143
88030
11182
97041
11568
100390
11276
97857
11220
97376
11363
98619
11197
97176
11267
97779
11371
98687
11492
99732
10901
94608
8300.6
72037
6687.2
58035
11458
99438
10927
94832
11243
97574
10450
90695
10996
95431
11122
96528
11786
102283
9058.5
78615
11412
99040
11112
96440
11489
99712
11053
95925
11393
98872
11268
97790
11573
100440
10839
94066
11561
100336
11418
99091
11315
98197
11395
98889
11543
100175
11475
99589
11530
100061
11770
102144
12242
106240
11475
99586
11442
99298
11356
98557
12248
106292
11596
100641
11805
102455
11672
101297
11530
100061
11407
99000
11325
98288
11064
96023
11322
98258
11217
97345
11340
98414
11335
98373
11305
98113
11292
98000
11213
97316
11479
99620
11484
99662
10979
95278
11442
99297
11378
98749
11923
103480
10938
94928
11584
100532
11813
102517
12441
107969
11455
99415
12703
110249
11730
101805
11603
100697
11259
97709
11468
99530
11269
97802
11309
98151
11599
100663
11109
96415
11179
97023
11544
100183
11149
96756
11346
98472
11177
97003
11309
98148
11043
95836
11449
99363
11249
97625
11521
99984
10845
94121
11552
100257
11171
96949
11167
96915
11114
96452
11696
101501
11257
97698
11509
99886
11430
99197
11291
97994
11575
100458
11150
96768
11641
101025
