112839.0
106994.0
108365.0
108086.0
109807.0
111849.0
114622.0
108412.0
108749.0
111455.0
109376.0
112570.0
109057.0
107671.0
108404.0
108136.0
112815.0
107353.0
110507.0
112413.0
112424.0
109626.0
115039.0
109798.0
110628.0
110985.0
111153.0
109781.0
112667.0
112784.0
112178.0
110734.0
110445.0
109494.0
110867.0
107353.0
112771.0
106984.0
115063.0
107011.0
111064.0
107560.0
111480.0
104953.0
111951.0
111274.0
113809.0
112371.0
112095.0
111711.0
111895.0
111690.0
111777.0
110392.0
111130.0
111268.0
107417.0
110346.0
112160.0
111211.0
110787.0
109356.0
110657.0
111291.0
111483.0
111195.0
109123.0
111738.0
110471.0
109156.0
112119.0
110079.0
112679.0
109733.0
112227.0
107853.0
114408.0
106220.0
113007.0
109862.0
112049.0
107246.0
110494.0
108272.0
109755.0
109294.0
110666.0
110526.0
109204.0
108678.0
110042.0
107875.0
111042.0
108311.0
109946.0
108198.0
112606.0
105441.0
110154.0
109380.0
108533.0
107000.0
110221.0
109549.0
109725.0
109341.0
109485.0
109502.0
111901.0
107998.0
113211.0
108708.0
109772.0
111504.0
109910.0
109289.0
108943.0
108509.0
109687.0
120003.0
109002.0
120412.0
107483.0
113497.0
107185.0
108473.0
106040.0
110739.0
105806.0
104403.0
110962.0
106300.0
110615.0
99185.0
110470.0
113267.0
107997.0
104653.0
107088.0
107291.0
106301.0
109406.0
105910.0
104433.0
110273.0
107066.0
107334.0
108886.0
106170.0
108316.0
107780.0
111776.0
108930.0
102624.0
109274.0
106168.0
109328.0
107669.0
111711.0
99696.0
111080.0
98173.0
108223.0
111958.0
109133.0
108596.0
109982.0
108373.0
109046.0
110058.0
111224.0
105509.0
80337.6
64722.2
110896.0
105759.0
108817.0
101145.0
106427.0
107650.0
114069.0
87673.5
110452.0
107552.0
111201.0
106978.0
110265.0
109058.0
112013.0
104905.0
111897.0
110509.0
109512.0
110284.0
111718.0
111064.0
111591.0
113914.0
118482.0
111061.0
110740.0
109913.0
118540.0
112237.0
114260.0
112969.0
111591.0
110407.0
109613.0
107087.0
109580.0
108562.0
109754.0
109708.0
109418.0
109292.0
108529.0
111099.0
111146.0
106257.0
110739.0
110127.0
115403.0
105866.0
112116.0
114330.0
120410.0
110870.0
122952.0
113535.0
112300.0
108968.0
110998.0
109071.0
109460.0
112262.0
107524.0
108202.0
111727.0
107905.0
109818.0
108180.0
109457.0
106879.0
110812.0
108874.0
111505.0
104966.0
111809.0
108120.0
108082.0
107566.0
113197.0
108955.0
111395.0
110627.0
109285.0
112033.0
107918.0
112666.0
