109916.5
108225.5
110828.0
111517.0
110102.0
110973.0
108364.0
108270.0
110084.0
111460.0
111025.0
112418.5
110806.5
110467.0
112725.5
111456.0
109969.5
109110.0
109877.5
111037.0
109312.0
108216.5
111612.5
113090.0
111903.0
111792.5
111084.5
111199.0
108881.5
111685.5
110071.5
110974.0
111339.0
110430.5
109813.5
111099.0
111206.0
110040.0
110314.0
111434.5
109647.5
109383.0
109524.5
110596.0
108941.0
108958.5
109676.5
109072.0
109023.5
109767.0
107766.5
109885.0
109533.0
109493.5
109949.5
110959.5
110638.0
109599.5
108726.0
114845.0
114707.0
110490.0
107829.0
108389.5
105104.5
108631.0
104900.0
111868.5
106325.0
107189.5
107853.5
105171.5
108669.5
108110.0
107243.0
109778.0
105777.0
107721.0
108498.5
105703.5
104626.5
110090.5
108864.5
109177.5
109552.0
108366.5
72529.9
108327.5
104981.0
107038.5
100871.25
109002.0
109089.5
109661.5
108459.0
111203.0
109898.0
111391.0
112752.5
114771.5
110326.5
115388.5
113614.5
110999.0
108350.0
109071.0
109731.0
109355.0
109814.0
108701.5
110433.0
110634.5
113223.0
115640.0
118243.5
110634.0
110034.5
110861.0
107863.0
109816.0
108999.0
108168.0
109843.0
108235.5
109964.5
107824.0
111076.0
111011.0
110659.0
110292.0
