11868
100349
11712
99029
12020
101631
11848
100176
11899
100610
11668
98656
11764
99470
11699
98919
11718
99074
11869
100352
11638
98406
11723
99119
11927
100847
11800
99771
12237
103466
11646
98468
11899
100607
11913
100730
11835
100065
11815
99896
11881
100456
11803
99800
12308
104070
11833
100052
11954
101075
11701
98937
12189
103064
11611
98173
12041
101810
11821
99952
6873.9
58120
6760.2
57159
12080
102140
11586
97960
11987
101353
11517
97378
11984
101331
11588
97980
12183
103009
11796
99741
11895
100576
11549
97651
12075
102095
11386
96272
12104
102345
11683
98784
12105
102352
11552
97671
12144
102681
11603
98102
12446
105232
11543
97597
12076
102102
11567
97805
11935
100911
11610
98167
11837
100087
11463
96926
12192
103088
11593
98020
11931
100876
11590
97998
12227
103383
11383
96246
11927
100842
11584
97945
11642
98433
12215
103276
12517
105831
11773
99542
12018
101618
11574
97858
11842
100130
11512
97337
12264
103697
11597
98056
11581
97920
12056
101932
11844
100147
11628
98321
11589
97991
11420
96559
11687
98816
11891
100545
11721
99108
12067
102031
11897
100592
10619
89786
11749
99344
11683
98786
11748
99331
11950
101041
11928
100853
11905
100663
11658
98570
11386
96274
11856
100242
11916
100753
11657
98559
11721
99106
11677
98729
11819
99931
11781
99611
11712
99028
11678
98743
11721
99100
11717
99068
11430
96645
11728
99159
11358
96036
11970
101210
11260
95203
11958
101106
11618
98235
11856
100246
11536
97538
11752
99363
11103
93877
12182
102999
9902.1
83732
11760
99433
11052
93446
12108
102377
11084
93720
12005
101504
11450
96811
11879
100443
11889
100525
11903
100646
11479
97055
11842
100124
10908
92227
11983
101318
11469
96971
12147
102706
10130
85651
11955
101079
10657
90107
12315
104128
10062
85074
12143
102672
11414
96509
12480
105519
11775
99563
