111479.0
112837.5
111416.5
110926.0
111506.5
110443.0
112172.5
112908.5
112574.5
111805.5
111970.0
114131.5
111833.5
112518.5
112812.0
64456.55
111883.0
111117.5
111441.5
113364.5
110835.5
110914.0
112458.0
111840.0
112265.0
113409.0
111775.0
111311.5
110156.5
112446.5
111197.5
111619.5
111149.0
112783.0
114831.5
111534.0
110410.5
112807.0
111744.5
110970.0
108779.5
111469.5
112463.5
106447.0
110781.0
112035.0
112674.5
108944.0
112383.5
110521.5
111078.0
111066.0
110621.0
109430.0
109140.5
109821.5
111458.5
110588.0
108047.5
104407.55
107845.5
109644.5
110885.0
112368.0
110541.5
107550.5
110870.5
105317.0
106899.0
105789.5
111369.0
114668.5
