112217.0
110741.0
113651.0
112024.0
112509.0
110324.0
111234.0
110618.0
110792.0
112221.0
110044.0
110842.0
112774.0
111571.0
115703.0
110114.0
112506.0
112643.0
111900.0
111711.0
112337.0
111603.0
116378.0
111885.0
113029.0
110638.0
115253.0
109784.0
113851.0
111773.0
64993.9
63919.2
114220.0
109546.0
113340.0
108895.0
113315.0
109568.0
115192.0
111537.0
112471.0
109200.0
114170.0
107658.0
114449.0
110467.0
114457.0
109223.0
114825.0
109705.0
117678.0
109140.0
114178.0
109372.0
112846.0
109777.0
111924.0
108389.0
115280.0
109613.0
112807.0
109588.0
115610.0
107629.0
112769.0
109529.0
110075.0
115491.0
118348.0
111315.0
113636.0
109432.0
111972.0
108849.0
115961.0
109653.0
109501.0
113988.0
111991.0
109949.0
109580.0
107979.0
110503.0
112436.0
110829.0
114098.0
112489.0
100405.0
111093.0
110469.0
111079.0
112991.0
112781.0
112568.0
110228.0
107660.0
112098.0
112669.0
110216.0
110827.0
110406.0
111750.0
111392.0
110740.0
110421.0
110821.0
110785.0
108075.0
110887.0
107394.0
113180.0
106463.0
113064.0
109853.0
112102.0
109074.0
111115.0
104980.0
115181.0
93634.1
111193.0
104498.0
114485.0
104804.0
113509.0
108261.0
112322.0
112414.0
112549.0
108534.0
111966.0
103135.0
113301.0
108440.0
114853.0
95781.0
113034.0
100764.0
116443.0
95136.0
114815.0
107923.0
117999.0
111338.0
